res.afnm.MMDP.p1024.ns2.evals <- c(125603,105609,116375,860767,100995,97919,130217,144059,81001,124065,102533,127141,77925,480881,114837,259409,114837,110223,304011,134831,100995,105609,147135,100995,107147,119451,96381,119451)
res.afnm.MMDP.p1024.ns2.times <- c(7.716523,6.442303,7.169986,52.136545,6.072425,5.969257,8.681471,9.346742,5.438207,8.077294,6.588523,8.264759,5.025524,30.295483,7.181065,15.301605,6.94896,6.751545,19.068581,8.944019,6.626716,6.737721,9.384124,6.435585,6.949963,7.907099,6.335849,7.957745)
