res.afnmw.Trap.p1024.ns4.cs60.rr0.5.im4.evals <- c(73728,56320,63488,77824,40960)
res.afnmw.Trap.p1024.ns4.cs60.rr0.5.im4.times <- c(74.456626,56.223351,64.368981,79.516845,39.348243)
