res.af.Trap.p1024.evals <- c(12311,13337,12824,12824,13850,11285,11285,15389,13850,13850,12311,13337,12824,12824,8720,12824,12311,12311,11798,11798,12824,13337,12824,10259,12824,15389,12824,12311)
res.af.Trap.p1024.times <- c(0.69479,0.754665,0.74673,0.740281,0.804647,0.630666,0.638553,0.877439,0.778784,0.777934,0.716551,0.772973,0.767197,0.726959,0.48508,0.725945,0.697637,0.693135,0.665168,0.667122,0.726392,0.759498,0.738591,0.594158,0.733714,0.867614,0.726542,0.696677)
