res.afnmw.p1024.ns2.evals <- c(54272,39936,80896,52224,56320,64512,91136,77824,39936,37888,43008,47104,53248,55296,58368,61440,67584,57344,56320,62464,56320,47104,45056,48128,57344)
