res.afnmw.p1024.ns1.evals <- c(55296,46080,38912,54272,55296,50176,44032,48128,40960,41984,45056,47104,44032,49152,57344,36864,54272,51200,43008,63488,43008,51200,43008,39936,52224,48128,44032)
