res.afnmw.p1024.ns1.times <- c(57.907465,46.285708,38.943757,53.465259,55.451484,49.141243,42.631495,47.590535,40.339039,40.835869,44.296538,46.563655,43.385521,48.387976,56.33774,36.257474,54.028346,51.019667,42.310355,64.793968,42.949591,50.773828,42.820301,38.866637,51.721693,48.163929,43.240877)
