res.afnmwTrap.p1024.ns4.cs60.rr0.5.im4.evals <- c(72704,78848,63488,102400,108544,73728,70656,80896,62464,69632,67584,67584,73728,113664,93184,89088)
res.afnmwTrap.p1024.ns4.cs60.rr0.5.im4.times <- c(76.21092,83.115143,68.380105,108.960684,116.979115,75.746401,72.284624,90.355359,67.033927,75.986862,73.335146,73.992146,81.330609,132.095333,105.113707,92.276746)
