res.afn.p1024.ns1.evals <- c(14363,20519,17954,15902,16415,13337,16928,10772,12311,13850,11798,13850,18980,17954,13337,10772,11285,13850,14363,12824,15902,14363,17441,16415,14363,22571,16928,14363)
res.afn.p1024.ns1.times <- c(0.795395,1.175115,1.035157,0.902594,0.937261,0.76681,0.977258,0.599376,0.714524,0.783178,0.670891,0.782628,1.059908,1.039505,0.771818,0.6151,0.634908,0.796957,0.809045,0.736309,0.919329,0.839692,1.013212,0.952327,0.823998,1.291189,0.961255,0.793663)
