res.afnm.Trap.p1024.ns1.evals <- c(53317,37937,41013,41013,33323,30247,39475,31785,41013,34861,39475,44089,31785,44089,39475,28709,37937,47165,47165,41013,41013,45627,33323,36399,42551,39475,34861,37937,28709,45627)
res.afnm.Trap.p1024.ns1.times <- c(2.911897,2.007744,2.144472,2.183466,1.816756,1.643556,2.127633,1.688241,2.214003,1.898454,2.104582,2.343533,1.736717,2.359843,2.084888,1.533858,2.054135,2.512734,2.543147,2.213694,2.22096,2.424417,1.764954,1.939558,2.253613,2.12552,1.841018,2.037504,1.51237,2.425277)
