res.afn.p1024.ns2.times <- c(1.234442,1.783062,1.442032,1.422424,2.397562,1.24323,1.870861,1.035073,1.800633,1.311079,5.947583,2.734468,1.546226,1.469066,3.515802,1.375416,1.091671,4.580536,1.474401,1.773402,1.463186,2.381116,1.669972,2.023897,1.783043,7.288088,1.671951,3.599848,1.66838)
