res.afnm.Trap.p1024.ns4.cs60.rr0.5.im4.evals <- c(67158,100994,105608,84076,57930,65620,122526,68696,62544,88690,68696,76386,77924,64082,65620,84076,62544,57930,71772,65620,120988,111760,93304,84076,94842,67158,73310)
res.afnm.Trap.p1024.ns4.cs60.rr0.5.im4.times <- c(4.187547,6.324265,6.700632,5.238604,3.594606,4.082518,7.812156,4.328042,3.866903,5.630427,4.264796,4.754527,4.90214,3.989657,4.080008,5.297436,3.895121,3.617122,4.546152,4.05978,7.731599,7.060885,5.91622,5.288225,6.038616,4.170333,4.711843)
