res.afn.p1024.ns4.evals <- c(41039,68741,111320,35909,37448,41039,28727,60533,89774,60020,80027,35909,33344,167750,55403,29240,89774,81053,23084)
