res.afnm.MMDP.p1024.ns1.cs60.evals <- c(85615,79463,91767,56393,81001,64083,99457,119451,99457,105609,77925,68697,77925,84077,64083,54855,74849,65621,77925,81001,77925,61007,70235,68697,67159,71773,65621,76387,96381)
res.afnm.MMDP.p1024.ns1.cs60.times <- c(5.193789,4.86769,5.650225,3.609854,5.083114,3.938372,6.332202,7.367502,6.228902,6.544743,4.889827,4.37826,4.839616,5.215586,4.019708,3.367631,4.690522,4.03621,4.942296,5.048016,4.81174,3.775807,4.338471,4.237064,4.170286,4.384513,4.185621,4.919036,6.167478)
