res.afnm.p1024.ns4.times <- c(4.595696,3.663499,4.733871,5.323207,7.118317,4.542905,4.89592,5.021533,5.16183,4.797886,6.044262,4.391417,3.971194,5.766184,5.283924,4.224714,4.378555,5.432901,5.115287,3.731695,5.066602,4.355942,4.150487,3.698896,7.598138,5.700184)
