res.afnmw.MMDP.p1024.ns2.evals <- c(141312,164864,114688,126976,133120,78848,283648,134144,154624,109568,112640,101376,104448,87040,152576,122880,122880,101376,129024,152576,114688,139264,118784,113664,95232,116736,95232)
res.afnmw.MMDP.p1024.ns2.times <- c(156.140957,188.909765,127.244895,138.137113,142.394935,80.678641,314.145279,142.109128,164.650788,116.323674,119.058458,104.928265,107.909944,90.477157,166.963955,129.34454,128.104326,106.406816,137.780616,164.022002,121.916319,150.28842,125.532039,119.883326,101.158658,121.861687,99.910926)
