res.afnmw.p1024.ns4.evals <- c(60416,86016,45056,70656,119808,60416,60416,75776,63488,58368,64512,89088,83968,92160,49152,108544,49152,56320,59392,69632,112640,72704,58368,61440)
