MMDP.10.rr05.p1k.evals <- c(17954,17954,21545,16415,15902,17441,17954,17954,16928,15389,16415,20519,18467,13850,19493,17441,17954,20006,17441,18980,16928,17441,14876,13850,15902,21545,19493,15902,18980,12311)
MMDP.10.rr05.p1k.times <- c(1.298801,1.282218,1.535281,1.16245,1.112484,1.229632,1.273834,1.245948,1.206185,1.082295,1.171465,1.454827,1.292325,0.978788,1.390697,1.220021,1.261274,1.383672,1.227542,1.347942,1.199743,1.246812,1.040732,0.967472,1.130796,1.548369,1.368278,1.107656,1.346249,0.861088)
