MMDP.20.rr05.p1k.evals <- c(26675,871586,34370,295487,792071,27701,41039,24110,27701,439640,28727,29753,32831,32318,32318)
MMDP.20.rr05.p1k.times <- c(2.435968,64.95284,3.118318,22.3605,59.293126,2.520305,3.748324,2.229882,2.649507,34.145259,2.903002,2.957825,3.128651,2.957557,2.93283)
