res.afnm.MMDP.p1024.ns1.evals <- c(331695,68697,65621,64083,73311,67159,67159,67159,85615,57931,76387,68697,68697,82539,73311,65621,65621,81001,45627,71773,73311,74849,88691,77925,90229,100995,96381,85615,93305,79463)
res.afnm.MMDP.p1024.ns1.times <- c(19.288543,4.128049,3.921707,3.800153,4.314699,3.92984,3.931539,4.004148,5.021784,3.491062,4.53716,4.211468,4.058093,4.868687,4.522585,4.048124,4.137149,4.82971,2.767846,4.432103,4.438127,4.543834,5.345497,4.675978,5.402775,5.836867,5.751457,5.063116,5.466787,4.871269)
