res.afnmw.MMDP.p1024.ns1.evals <- c(80896,79872,689152,79872,60416,78848,54272,71680,67584,79872,72704,69632,62464,66560,82944,56320,61440,67584,59392,89088,78848,57344,63488,76800,59392,64512)
res.afnmw.MMDP.p1024.ns1.times <- c(89.036484,87.893065,841.632148,83.687585,61.338718,80.942489,55.571682,73.454541,71.892533,87.980812,77.66656,73.752177,65.077927,70.143093,88.228755,58.579765,62.318917,69.661262,61.206448,94.295458,82.206334,57.008002,65.254234,79.411425,60.044642,65.40007)
